4.209116184508588515e-02 1.360361217813579593e+01
6.313528619467945191e-02 8.114434134464937998e+00
9.365697884727952172e+00 8.209898181268117767e+00
9.407791235059658419e+00 1.312629145494559424e+01
9.976047078578163863e+00 1.312629139496109509e+01
1.008127963879023348e+01 1.307855942031924812e+01
1.010232591791646506e+01 6.706340658996058579e+00
1.174395423752710954e+01 6.730206718905933805e+00
1.168081450826533541e+01 1.360361082295511004e+01
4.209116184508588515e-02 1.360361217813579593e+01
